3,2
3,1
3,3
10,293
10,187
10,126
10,160
10,287
10,4
10,83
10,1
10,85
10,2
10,3
11,20
11,29
11,13
11,14
11,11
11,19
11,1
11,9
11,2
11,3
9,7
9,1
9,5
9,2
9,3
8,13
8,17
8,5
8,16
8,18
8,7
8,1
8,10
8,2
8,3
12,2
12,1
12,3
20,2
20,1
20,3
112,5
112,4
112,3
112,2
112,1
19,2
112,0
109,4
109,3
19,1
109,2
109,1
19,3
109,0
108,3
108,2
108,1
108,0
106,5
106,4
106,3
106,2
106,1
106,0
103,5
103,4
103,3
103,2
103,1
103,0
100,5
100,4
100,3
100,2
100,1
100,0
97,6
97,5
97,4
97,3
97,2
97,1
97,0
94,4
94,3
18,1
94,2
94,1
18,3
94,0
91,4
91,3
91,2
91,1
91,0
89,6
89,5
89,4
89,3
89,2
89,1
14,1
89,0
86,4
86,3
14,5
86,2
86,1
14,3
86,0
85,4
85,3
13,1
85,2
